bill_id,Customer_id,amount_due,due_date,payment_date,billing_cycle,discounts_applied,late_fee
1,100,8262.08,5/4/2023,12/22/2023,23-Nov,103.71,955.9
2,101,1694.71,9/17/2023,8/17/2023,23-Jun,609.81,487.07
3,102,9367.53,11/4/2023,9/25/2023,23-Jan,202.52,172.2
4,103,1101.08,10/17/2023,11/1/2023,23-Jun,715.54,25.09
5,104,1041.16,10/2/2023,3/13/2023,23-Jan,272.51,481.27
6,105,6753.59,6/21/2023,1/13/2023,23-Apr,891.88,846.89
7,106,2737.5,6/26/2023,,23-Jun,15.51,605.7
8,107,5566.26,1/28/2023,2/21/2023,23-Jun,299.44,65.45
9,108,3644.35,6/5/2023,11/1/2023,23-Dec,307.98,682.41
10,109,9717.41,9/4/2023,,23-Feb,359.25,843.36
11,110,9839.24,1/25/2023,1/24/2023,23-Apr,588.77,158.9
12,111,2107.8,3/16/2023,5/20/2023,23-Dec,869.62,135.35
13,112,7500.85,4/14/2023,11/29/2023,23-Mar,693.46,36.19
14,113,9464.86,6/4/2023,3/24/2023,23-Jun,123.79,706.4
15,114,2845.74,12/12/2023,1/31/2023,23-Aug,485.02,999.19
16,115,7468.84,2/12/2023,6/9/2023,23-Jun,367.13,821.84
17,116,9116.47,7/22/2023,2/12/2023,23-Nov,228.11,844.33
18,117,6991.83,7/1/2023,,23-Nov,950.1,934.3
19,118,9009.8,8/5/2023,7/18/2023,23-Sep,663.43,510.08
20,119,6994.5,6/12/2023,11/2/2023,23-Nov,74.65,44.2
21,120,4717.67,2/1/2023,7/8/2023,23-Mar,311.12,118.91
22,121,2954.82,12/20/2023,7/25/2023,23-May,831.4,719.43
23,122,7610.92,2/7/2023,11/12/2023,23-May,67.38,380.22
24,123,376.07,1/12/2023,,23-Sep,710.77,222.94
25,124,2336.27,7/4/2023,12/9/2023,23-Jan,569.85,886.08
26,125,4472.92,8/23/2023,5/4/2023,23-Feb,256.09,875.93
27,126,5456.98,7/19/2023,12/24/2022,23-Dec,292.69,437.7
28,127,5555.3,7/29/2023,9/21/2023,23-Oct,890.96,523.31
29,128,3705.82,12/11/2023,1/10/2023,23-Jan,228.23,15.19
30,129,8479.67,9/2/2023,6/11/2023,23-Feb,575.64,62.46
31,130,7528.23,8/5/2023,2/11/2023,23-May,89.39,130.67
32,131,4534.12,2/24/2023,12/22/2023,23-Aug,231.01,293.45
33,132,547.81,4/18/2023,12/13/2022,23-Dec,617.1,884.36
34,133,1745.33,6/6/2023,5/15/2023,23-Jun,406.38,547.73
35,134,5872.98,3/10/2023,8/7/2023,23-Nov,784.69,234.21
36,135,252.07,8/21/2023,2/4/2023,23-Apr,366.18,480.03
37,136,4032.26,4/3/2023,10/26/2023,23-Nov,60.39,286.22
38,137,407.89,5/25/2023,,23-Oct,23.32,321.93
39,138,1681.35,12/28/2023,9/4/2023,23-May,28.15,591.12
40,139,3223.91,7/21/2023,,23-May,18.86,203.98
41,140,9535.15,12/4/2023,9/2/2023,23-Apr,287.46,206.77
42,141,8326.56,3/8/2023,10/6/2023,23-Aug,52.42,676.63
43,142,5634.63,8/24/2023,5/30/2023,23-Jul,884.63,329.7
44,143,4594.08,2/23/2023,7/11/2023,23-Jun,328.22,358.09
45,144,6690.18,1/23/2023,11/1/2023,23-Apr,538.55,742.56
46,145,6461.61,3/14/2023,5/24/2023,23-Apr,279.85,424.38
47,146,3071.92,11/28/2023,4/13/2023,23-Jul,308,531.09
48,147,2165.8,6/30/2023,9/27/2023,23-Apr,795.69,560.08
49,148,7384.56,8/16/2023,11/22/2023,23-Jan,631.31,928.85
50,149,747.49,12/18/2023,7/11/2023,23-Dec,586.5,769.17
51,150,5090.87,4/2/2023,10/24/2023,23-Aug,776.37,463.5
52,151,7915.24,2/10/2023,2/22/2023,23-Jul,887.57,351.69
53,152,8930.04,1/24/2023,1/10/2023,23-Apr,981.02,287.05
54,153,5652.69,6/26/2023,6/14/2023,23-Sep,102.6,696.73
55,154,2211.98,5/5/2023,9/5/2023,23-Aug,684.76,886.41
56,155,3771.24,5/3/2023,,23-Mar,73.67,944.02
57,156,7906.8,8/2/2023,9/30/2023,23-Mar,306.25,294.25
58,157,1479.63,2/21/2023,12/6/2023,23-Mar,667.68,477.65
59,158,8687.86,5/17/2023,5/12/2023,23-Jun,749.67,968.9
60,159,5611.86,5/26/2023,12/28/2022,23-Mar,713.92,292.06
61,160,4536.52,2/19/2023,9/3/2023,23-Apr,111.04,865.23
62,161,9016.11,10/14/2023,6/4/2023,23-May,644.51,360.7
63,162,6073.35,2/11/2023,8/5/2023,23-Oct,669.82,485.19
64,163,5208.83,5/31/2023,7/26/2023,23-Apr,583.61,452.29
65,164,494.96,2/17/2023,11/8/2023,23-Nov,168.06,67.72
66,165,9234.15,3/24/2023,12/13/2022,23-Jan,391.03,562.86
67,166,9295.61,5/4/2023,2/18/2023,23-May,167.26,849.51
68,167,1954.19,5/27/2023,9/11/2023,23-Feb,750.18,56.08
69,168,6551.05,10/5/2023,6/6/2023,23-Mar,928.28,351.96
70,169,6181.09,7/6/2023,2/9/2023,23-Mar,930.36,535.85
71,170,3455.5,2/22/2023,8/24/2023,23-Nov,623.1,44.33
72,171,5333.31,2/15/2023,10/5/2023,23-Feb,780.19,826.24
73,172,6787.87,2/23/2023,,23-Apr,552.97,900.25
74,173,6506.85,8/7/2023,11/12/2023,23-Oct,648.82,955.94
75,174,9218.52,12/15/2023,9/17/2023,23-Jun,274.44,460.61
76,175,7384.54,9/7/2023,,23-Sep,84.61,721.16
77,176,9482.17,12/7/2023,8/9/2023,23-Nov,808.53,784.98
78,177,758.4,4/28/2023,10/5/2023,23-Jun,702.37,980.32
79,178,3766.93,2/8/2023,,23-Mar,576.32,976.45
80,179,5191.3,6/9/2023,6/28/2023,23-Dec,195.63,301.17
81,180,5491.83,5/26/2023,9/23/2023,23-Jan,721.7,380.81
82,181,4226.68,4/23/2023,2/9/2023,23-Apr,964.14,970.88
83,182,8384.49,4/20/2023,6/21/2023,23-Oct,676.97,70.63
84,183,2152.4,6/4/2023,5/19/2023,23-Jun,262.73,362.62
85,184,4104.41,11/5/2023,11/20/2023,23-Oct,300.49,742.77
86,185,4349.08,10/16/2023,,23-Sep,733.25,790.45
87,186,6269.03,7/5/2023,12/27/2023,23-Sep,760.16,155.17
88,187,7463.78,8/15/2023,9/23/2023,23-Jun,438.76,803.92
89,188,6341.59,12/22/2023,5/11/2023,23-Aug,291.3,13.22
90,189,4207.02,2/22/2023,8/11/2023,23-Dec,303.12,586.85
91,190,8324.56,12/19/2023,12/24/2023,23-Oct,353.96,667.15
92,191,8273.82,6/13/2023,5/28/2023,23-Nov,123.23,320.55
93,192,3603.31,8/9/2023,1/12/2023,23-Jun,414.9,419.93
94,193,9159.85,8/1/2023,7/3/2023,23-Apr,243.28,72.54
95,194,7335.75,9/16/2023,6/25/2023,23-Nov,387.04,139.45
96,195,5565.19,12/29/2023,12/19/2022,23-Feb,352.64,209.86
97,196,3335.15,6/4/2023,5/19/2023,23-Nov,159.85,176.67
98,197,9219.84,12/7/2023,1/15/2023,23-Jul,452.66,576.87
99,198,4023.68,6/9/2023,8/11/2023,23-Sep,673.23,364.85
100,199,7009.53,10/25/2023,,23-Jun,744.73,141.83
101,200,6760.71,7/16/2023,4/26/2023,23-May,396.05,349.07
102,201,6652.73,1/25/2023,9/30/2023,23-Aug,718.11,80.58
103,202,79.78,1/1/2023,3/11/2023,23-Dec,576.05,650.99
104,203,1630.77,4/27/2023,,23-Oct,136.06,606.08
105,204,4247.91,5/8/2023,1/9/2023,23-Jun,307.56,827.4
106,205,7636.49,6/1/2023,7/12/2023,23-Jul,564.7,522.61
107,206,8960.69,11/18/2023,,23-Feb,99.11,566.23
108,207,5331.29,1/30/2023,8/9/2023,23-Feb,822.28,741.26
109,208,5241.17,2/24/2023,12/5/2022,23-Feb,578.26,976.39
110,209,3437.72,2/4/2023,10/25/2023,23-Apr,843.3,272.99
111,210,1994.13,7/24/2023,8/26/2023,23-Jan,768.56,167.99
112,211,2619.64,2/16/2023,12/26/2023,23-Apr,211.29,351.67
113,212,2046.27,3/24/2023,6/12/2023,23-Sep,974.15,567.85
114,213,9114.52,10/5/2023,7/30/2023,23-Aug,704.04,905.77
115,214,6052.42,2/17/2023,7/3/2023,23-May,934.87,872.89
116,215,9001.99,2/24/2023,6/23/2023,23-Jan,577.23,718.53
117,216,5533.02,10/12/2023,12/11/2022,23-Sep,19.71,750.69
118,217,6663.09,1/19/2023,6/25/2023,23-Jun,150.86,467.41
119,218,6360.32,12/29/2023,7/31/2023,23-Jun,526.08,175.11
120,219,7460.26,12/25/2023,7/9/2023,23-Apr,343.95,604.66
121,220,2532.95,6/4/2023,5/11/2023,23-Nov,252.78,873.61
122,221,4909.95,8/15/2023,10/2/2023,23-Nov,752.62,51.49
123,222,3277.94,6/4/2023,12/27/2022,23-Oct,11.51,663.26
124,223,4723.42,8/19/2023,3/16/2023,23-May,550.62,170.7
125,224,7991.06,11/16/2023,12/21/2023,23-Sep,89.48,311.04
126,225,5355.21,1/25/2023,4/20/2023,23-Jun,450.83,141.16
127,226,6329.94,10/16/2023,7/30/2023,23-Jun,52.7,5.58
128,227,3726.12,1/13/2023,12/28/2022,23-May,26.72,611.35
129,228,8139.69,4/28/2023,7/5/2023,23-Jun,368.14,147.73
130,229,4215.91,8/20/2023,,23-Mar,211.87,663.35
131,230,8448.78,1/5/2023,10/20/2023,23-Apr,89.17,540.05
132,231,9298.94,5/19/2023,8/25/2023,23-Aug,708.85,561.44
133,232,478.41,7/6/2023,8/21/2023,23-Jul,694.27,823.26
134,233,1113.86,9/26/2023,5/18/2023,23-Jul,218.55,904.21
135,234,2623.58,7/18/2023,6/2/2023,23-Jul,652.77,681.38
136,235,5841.75,6/23/2023,8/20/2023,23-Apr,812.39,56.78
137,236,4845.71,12/27/2023,,23-Jan,689.62,580.58
138,237,5070.24,6/3/2023,7/15/2023,23-Aug,578.31,474.35
139,238,5653.28,9/30/2023,9/1/2023,23-Sep,816.47,694.32
140,239,6598.23,8/12/2023,8/16/2023,23-Sep,617.11,338.81
141,240,2482.93,7/11/2023,5/23/2023,23-Mar,939.24,89.18
142,241,7876.76,9/23/2023,4/20/2023,23-Dec,682.98,598.11
143,242,643.02,9/4/2023,5/31/2023,23-Dec,689.03,112.26
144,243,8891.65,11/10/2023,11/20/2023,23-Apr,502.92,107.22
145,244,9342.45,10/20/2023,,23-Jan,226.32,829.41
146,245,4397.08,8/31/2023,5/28/2023,23-Oct,768.72,150.44
147,246,1053.43,5/10/2023,7/21/2023,23-Oct,879.27,723.59
148,247,9268.11,6/28/2023,,23-Jan,119.65,217.55
149,248,5412.18,12/5/2023,3/8/2023,23-Nov,524.39,746.35
150,249,2707.09,2/22/2023,8/28/2023,23-Apr,19.84,363.87
151,250,5045.15,11/10/2023,7/12/2023,23-Nov,553.79,562.17
152,251,2092.59,3/1/2023,8/10/2023,23-Mar,998.86,644.77
153,252,6122.32,4/16/2023,2/9/2023,23-Jun,883.97,725.21
154,253,9824.91,4/18/2023,3/2/2023,23-Apr,441.17,948.54
155,254,1039.94,3/31/2023,,23-Jun,644.9,821.72
156,255,3115.53,2/17/2023,9/1/2023,23-Oct,297.78,716.01
157,256,7959.39,8/18/2023,2/28/2023,23-Jul,620.73,656.83
158,257,5380.33,7/22/2023,3/13/2023,23-Jul,828.88,559.14
159,258,3344.29,4/5/2023,4/17/2023,23-Jul,102.61,357.38
160,259,7278.98,4/7/2023,8/29/2023,23-Apr,159.73,906.98
161,260,4785.85,11/25/2023,12/29/2023,23-Sep,968.37,285.6
162,261,1023.92,7/1/2023,12/7/2022,23-Nov,270.87,594.15
163,262,9522.89,4/1/2023,12/5/2022,23-Oct,530.72,313.5
164,263,8312.51,11/28/2023,7/23/2023,23-Apr,996.85,109.69
165,264,8714.85,2/28/2023,1/15/2023,23-Jun,331.93,383.41
166,265,5392.73,3/23/2023,12/7/2023,23-Jan,364.98,330.89
167,266,6519.46,6/29/2023,11/22/2023,23-Sep,746.37,727.15
168,267,4123.77,3/17/2023,3/19/2023,23-Jul,42.18,841.76
169,268,8567.96,11/30/2023,9/30/2023,23-Feb,749.48,604.98
170,269,3763.7,11/30/2023,3/30/2023,23-Dec,868.09,522.42
171,270,1101.03,5/25/2023,10/30/2023,23-Sep,142.41,157.11
172,271,9545.22,2/15/2023,1/16/2023,23-Nov,672.19,935.62
173,272,7882.39,3/17/2023,6/30/2023,23-Dec,962.61,792.61
174,273,2937.25,10/7/2023,8/28/2023,23-Apr,835.69,537.44
175,274,3494.03,4/22/2023,4/5/2023,23-Apr,394,406.29
176,275,8729.98,5/9/2023,11/12/2023,23-Dec,994.73,51.59
177,276,6653.55,5/25/2023,8/20/2023,23-Oct,272.92,688.05
178,277,7813.15,1/26/2023,,23-Jul,323.26,646.02
179,278,3863.08,9/6/2023,3/3/2023,23-Sep,724.9,973.03
180,279,7707.13,2/4/2023,,23-Mar,39.28,641.01
181,280,9418.82,7/18/2023,10/19/2023,23-Nov,454.55,306.26
182,281,4343.2,11/4/2023,1/23/2023,23-Sep,933.73,187.9
183,282,1175.76,12/12/2023,12/26/2023,23-Sep,183.08,368.95
184,283,8414.83,3/27/2023,1/26/2023,23-Oct,349.4,764.99
185,284,5938.32,4/5/2023,,23-Jun,213.46,154.96
186,285,9815.63,11/17/2023,8/5/2023,23-Sep,35.48,450.01
187,286,4194.65,5/24/2023,12/4/2023,23-Aug,597.51,54.28
188,287,7652.75,7/20/2023,5/4/2023,23-Jan,282.81,302.43
189,288,3556.53,3/7/2023,11/9/2023,23-Dec,412.73,6.12
190,289,6263.32,10/13/2023,6/8/2023,23-Jul,733.79,184.58
191,290,6217.09,11/18/2023,,23-Aug,743.67,226.89
192,291,5695.25,1/28/2023,12/30/2022,23-Oct,515.37,600.58
193,292,3272.2,10/25/2023,7/11/2023,23-Dec,191.7,614.81
194,293,4295.05,3/4/2023,11/20/2023,23-Dec,685.63,778.02
195,294,9037.13,1/4/2023,1/29/2023,23-Aug,796.49,815.76
196,295,5650.1,12/4/2023,,23-May,102.96,39.95
197,296,2209.76,6/10/2023,4/16/2023,23-Apr,467.57,511.67
198,297,269.83,2/9/2023,9/27/2023,23-Jan,37.9,588.67
199,298,6674.78,8/31/2023,5/26/2023,23-Feb,280.72,456.1
200,299,8877.2,7/20/2023,11/29/2023,23-Jun,976.11,18.73
201,300,4820.35,4/26/2023,12/11/2022,23-Mar,919.08,99.32
202,301,6191.72,2/24/2023,12/24/2023,23-Nov,210.69,462.55
203,302,9355.06,3/15/2023,9/16/2023,23-Feb,816.43,196.03
204,303,9453.82,2/3/2023,11/9/2023,23-Jul,514.76,504.76
205,304,3942.27,6/10/2023,2/26/2023,23-Jun,197.46,69.38
206,305,9609.52,9/2/2023,12/13/2022,23-Aug,694.57,452.67
207,306,8209.54,2/15/2023,12/24/2023,23-Jan,104,302.87
208,307,3679.31,11/29/2023,3/7/2023,23-Nov,198.98,220.96
209,308,1481.28,11/13/2023,,23-Mar,993.52,526.29
210,309,1172.63,1/9/2023,11/13/2023,23-Feb,82.41,11.45
211,310,8610.76,7/31/2023,,23-Mar,541.98,868.3
212,311,9983.85,11/16/2023,8/18/2023,23-Mar,930.06,489.86
213,312,8391.87,12/2/2023,4/22/2023,23-Aug,622.76,261.18
214,313,6678.87,11/10/2023,12/12/2022,23-Aug,159.99,945.73
215,314,1522.47,4/11/2023,4/22/2023,23-Feb,543.28,552.83
216,315,7966.28,3/4/2023,1/8/2023,23-Sep,317.88,665.77
217,316,1152.86,4/27/2023,12/19/2022,23-Jul,242.39,605.09
218,317,413.5,11/23/2023,,23-Jan,390.04,404.57
219,318,8970.81,6/14/2023,,23-Aug,314.78,38.65
220,319,1408.69,6/15/2023,6/11/2023,23-Feb,307.31,230.72
221,320,2994.08,6/24/2023,3/16/2023,23-Dec,616.82,243.22
222,321,4707.64,2/12/2023,4/12/2023,23-Oct,51.45,192.04
223,322,323.92,3/23/2023,1/27/2023,23-Aug,136.71,817.96
224,323,2948.38,9/22/2023,7/27/2023,23-Oct,84,272.99
225,324,1665.51,3/30/2023,12/13/2023,23-Sep,201.11,477.76
226,325,4665.2,9/29/2023,5/27/2023,23-Oct,355.52,436.41
227,326,4863.73,8/13/2023,12/2/2022,23-Jun,79.73,618.27
228,327,8405.38,2/11/2023,10/16/2023,23-Aug,64.32,379.54
229,328,8368.36,3/1/2023,7/5/2023,23-Feb,569.89,391.09
230,329,959.63,6/27/2023,3/2/2023,23-May,967.16,402.2
231,330,2916.38,4/9/2023,12/13/2023,23-Jul,419.09,834.57
232,331,1859.03,9/26/2023,2/27/2023,23-Apr,389.43,809.04
233,332,874.7,3/6/2023,,23-Oct,341.86,879.84
234,333,2382.47,11/2/2023,12/22/2022,23-Jul,315.23,467.9
235,334,669.41,8/31/2023,3/29/2023,23-Feb,908.58,381.37
236,335,505.64,6/13/2023,2/20/2023,23-Mar,423.43,118.11
237,336,2707.81,3/21/2023,11/22/2023,23-Apr,830.73,635.45
238,337,4147.49,1/4/2023,5/10/2023,23-Apr,49.92,507.11
239,338,9544.3,11/6/2023,10/19/2023,23-May,525.91,808.54
240,339,8935.97,1/8/2023,11/19/2023,23-Dec,348.71,106.12
241,340,4012.75,9/26/2023,2/7/2023,23-May,232.03,314.84
242,341,315.92,10/16/2023,4/25/2023,23-Jan,279.66,678.87
243,342,50.16,10/22/2023,,23-Oct,339.39,136.34
244,343,3667.84,11/21/2023,8/8/2023,23-Jan,467.03,898.68
245,344,9207.56,12/1/2023,9/25/2023,23-Oct,90.9,520.38
246,345,9266,5/25/2023,3/8/2023,23-Dec,882.96,502.92
247,346,1898.69,4/18/2023,6/7/2023,23-Mar,925.08,59
248,347,8064.17,8/16/2023,5/8/2023,23-Nov,691.33,22.1
249,348,3746.94,10/20/2023,11/19/2023,23-Jul,927.04,692.44
250,349,7287.81,7/21/2023,,23-Jul,839.37,122.22
251,350,3644.33,10/31/2023,10/13/2023,23-Sep,842.34,449.58
252,351,3154.9,4/25/2023,12/31/2022,23-Jan,383.87,403.01
253,352,5411.7,8/30/2023,9/21/2023,23-Nov,708.45,158.36
254,353,9476.78,10/21/2023,2/9/2023,23-Jul,444.22,509.87
255,354,210.85,10/14/2023,12/13/2022,23-Nov,607.23,574.39
256,355,3961.1,11/12/2023,4/11/2023,23-Nov,51.58,719.51
257,356,6062.85,6/27/2023,7/4/2023,23-Dec,708.75,764.77
258,357,611.25,11/6/2023,9/30/2023,23-Oct,459.31,330.59
259,358,3004.14,4/29/2023,6/3/2023,23-Aug,216.42,465.07
260,359,1926.29,11/14/2023,7/1/2023,23-Apr,792.45,848.61
261,360,5691.9,9/3/2023,8/26/2023,23-Aug,153.6,717.09
262,361,1863.96,10/5/2023,10/30/2023,23-Feb,744.99,611.16
263,362,8825.97,6/25/2023,10/2/2023,23-Aug,748.71,579.14
264,363,7961.34,10/1/2023,,23-Feb,827,402.95
265,364,2543.15,2/26/2023,11/2/2023,23-Jun,326.24,224.08
266,365,7162.14,8/15/2023,8/11/2023,23-Nov,621.22,394.28
267,366,1385.18,9/29/2023,8/13/2023,23-Feb,722,398.77
268,367,6564.58,3/7/2023,7/19/2023,23-Feb,234.53,769.37
269,368,2576.1,6/17/2023,9/21/2023,23-Feb,119.66,735.83
270,369,8961.62,3/16/2023,11/19/2023,23-Nov,313.6,443.56
271,370,1865.4,4/18/2023,7/2/2023,23-Aug,604.35,578.51
272,371,7928.14,10/6/2023,1/1/2023,23-Sep,119.27,950.32
273,372,8575.1,11/28/2023,2/13/2023,23-May,37.91,563.49
274,373,2375.75,6/30/2023,,23-Nov,620.57,598.83
275,374,6881.31,3/26/2023,4/30/2023,23-May,595.76,663.31
276,375,2099.16,6/16/2023,2/25/2023,23-Mar,600.77,149.2
277,376,1194.07,2/27/2023,7/15/2023,23-Sep,311.94,112.98
278,377,497.55,9/22/2023,12/11/2022,23-Mar,86.91,314.74
279,378,1219.42,12/25/2023,3/2/2023,23-Jul,896.69,147.67
280,379,7931.91,12/18/2023,1/9/2023,23-Jan,218.67,78.5
281,380,4316.46,5/31/2023,8/13/2023,23-Jun,425.81,15.79
282,381,4183.26,4/29/2023,,23-May,93.91,222.65
283,382,5211.89,10/4/2023,12/14/2023,23-Sep,978.41,48.46
284,383,4171.79,6/23/2023,8/4/2023,23-Mar,986.27,909.08
285,384,4866.49,3/13/2023,8/5/2023,23-Jan,362.06,308.36
286,385,354.99,10/8/2023,4/29/2023,23-Jul,164.55,332.25
287,386,477.62,4/10/2023,9/4/2023,23-Jun,870.11,523.79
288,387,7329.3,7/24/2023,4/10/2023,23-Apr,364.96,578.42
289,388,7527.05,7/28/2023,9/11/2023,23-Jul,500.19,444.49
290,389,7050.85,1/31/2023,8/25/2023,23-Aug,254.76,852.66
291,390,1582.11,8/12/2023,4/2/2023,23-Nov,556.15,98.59
292,391,6025.13,5/8/2023,9/12/2023,23-Jul,559.58,930.97
293,392,1694.14,1/20/2023,10/17/2023,23-Sep,979.59,52.71
294,393,815.89,10/13/2023,4/1/2023,23-Oct,686.05,610.91
295,394,1590.8,3/15/2023,9/7/2023,23-Apr,711.45,26.07
296,395,5943.51,5/9/2023,10/4/2023,23-Apr,177.81,684.84
297,396,6486.84,8/10/2023,12/7/2022,23-Jan,359.27,478.1
298,397,3438.35,8/26/2023,7/4/2023,23-Oct,305.03,584.95
299,398,493.88,10/9/2023,12/16/2022,23-Jan,848.59,812.65
300,399,7668.28,6/7/2023,4/8/2023,23-Jul,343.8,533.89
301,400,4334.3,10/7/2023,4/18/2023,23-Apr,140.29,236.79
302,401,6085.74,10/23/2023,2/26/2023,23-Jul,56.67,982.81
303,402,6636.88,3/3/2023,8/31/2023,23-Dec,931.58,627.1
304,403,9986.65,7/22/2023,10/20/2023,23-Aug,938.6,744.83
305,404,6880.32,11/13/2023,5/24/2023,23-Apr,512.2,901.44
306,405,7805.58,7/2/2023,6/26/2023,23-May,849.26,817.57
307,406,9558.86,7/20/2023,11/18/2023,23-Dec,77.26,660.53
308,407,3968.37,7/2/2023,12/3/2023,23-Jul,164.09,95.15
309,408,8311.45,9/17/2023,,23-Jun,442.46,793.6
310,409,4062.31,10/31/2023,8/13/2023,23-Jun,395.6,186.35
311,410,3233.22,5/16/2023,9/16/2023,23-Feb,895.17,856.51
312,411,4736.61,10/21/2023,3/13/2023,23-Feb,436.68,995.61
313,412,492.62,3/9/2023,3/2/2023,23-Jun,311.63,999.97
314,413,2582.26,11/6/2023,4/8/2023,23-Aug,425.79,296.09
315,414,1278.97,2/8/2023,9/30/2023,23-Feb,310.14,873.91
316,415,5003.65,10/1/2023,1/29/2023,23-Nov,210.7,150.88
317,416,9691.16,5/29/2023,5/6/2023,23-Aug,101.01,224.81
318,417,4088.75,12/10/2023,9/11/2023,23-Dec,541.34,72.59
319,418,6718.75,10/9/2023,4/21/2023,23-Jan,230.06,863.69
320,419,9100.23,10/22/2023,8/26/2023,23-Sep,870.42,716.18
321,420,6355.65,5/18/2023,,23-Sep,152.73,545.66
322,421,655.52,6/29/2023,12/28/2022,23-Jul,73.82,999.33
323,422,4736.21,12/4/2023,5/3/2023,23-Sep,978.13,666.81
324,423,8149.22,3/23/2023,12/6/2022,23-Aug,388.46,249.38
325,424,3364.34,11/6/2023,4/25/2023,23-Jul,766.69,525
326,425,6606.99,8/3/2023,2/24/2023,23-Dec,277.53,831.13
327,426,7027.16,8/26/2023,7/11/2023,23-Jan,858.92,560.75
328,427,6728.03,9/6/2023,2/14/2023,23-Jan,958.26,644.01
329,428,6419.91,9/24/2023,10/6/2023,23-Apr,933.21,97.07
330,429,8802.27,5/13/2023,5/9/2023,23-Dec,354.98,358.49
331,430,7074.15,7/26/2023,8/29/2023,23-Dec,205.29,59.21
332,431,3525.68,8/31/2023,8/25/2023,23-Sep,190.64,87.52
333,432,7778.25,6/25/2023,12/18/2023,23-Aug,294.06,589.56
334,433,6928.69,5/18/2023,7/10/2023,23-Jan,221.55,147.48
335,434,999.44,12/18/2023,9/14/2023,23-Nov,45.5,135.83
336,435,6570.84,7/7/2023,1/6/2023,23-Jun,960.73,340.86
337,436,6729.12,1/4/2023,7/7/2023,23-Jan,950.44,752.73
338,437,6587.78,1/10/2023,5/11/2023,23-Jul,188.01,663.55
339,438,2949.62,9/29/2023,12/6/2022,23-Jun,516.44,779.7
340,439,8387.58,4/28/2023,11/15/2023,23-Aug,677.14,879.89
341,440,510.22,7/29/2023,1/26/2023,23-Apr,406.14,875.36
342,441,2294.56,12/11/2023,10/27/2023,23-Sep,182.95,590.78
343,442,8413.32,11/29/2023,9/24/2023,23-Jan,608.21,988.08
344,443,8656.92,10/22/2023,7/12/2023,23-Dec,610.48,97.78
345,444,9864.76,7/6/2023,1/28/2023,23-Dec,774.06,131.27
346,445,6986.18,1/20/2023,11/20/2023,23-Nov,50.18,647.7
347,446,3597.12,7/13/2023,11/17/2023,23-Dec,241.29,943
348,447,7095.25,8/9/2023,10/24/2023,23-Jul,868.12,513.9
349,448,2800.78,7/8/2023,9/30/2023,23-Mar,433.93,950
350,449,1932.05,11/5/2023,12/22/2022,23-Feb,646.31,131.52
351,450,3285.15,8/6/2023,10/19/2023,23-Jun,479.44,881.33
352,451,8884.73,9/2/2023,12/19/2022,23-Jul,124.27,994.19
353,452,2782.1,2/14/2023,8/21/2023,23-Aug,541.6,952.83
354,453,8635.32,8/9/2023,1/14/2023,23-Apr,901.22,816.29
355,454,5369.33,12/14/2023,3/13/2023,23-May,748.04,955.75
356,455,9825.43,2/12/2023,6/13/2023,23-Dec,702.96,132.92
357,456,358.93,10/24/2023,9/10/2023,23-Oct,510.99,204.91
358,457,3714.49,4/19/2023,7/29/2023,23-Nov,235.21,398.8
359,458,5505.78,10/21/2023,12/3/2023,23-Jun,601.51,47.68
360,459,7102.91,11/22/2023,2/3/2023,23-Apr,778.93,65.77
361,460,381.41,4/11/2023,8/29/2023,23-Dec,540.32,592.26
362,461,1872.97,7/15/2023,3/8/2023,23-Apr,508.38,338.07
363,462,9555.84,1/27/2023,10/19/2023,23-Sep,573.09,725.75
364,463,7086.73,2/21/2023,12/15/2022,23-Feb,985.13,555.79
365,464,7686.72,3/8/2023,12/26/2022,23-Apr,125.82,82.85
366,465,8371.96,7/2/2023,4/25/2023,23-Mar,672.33,218.55
367,466,4585.4,4/3/2023,4/15/2023,23-Nov,274.22,961.63
368,467,876.79,12/25/2023,1/7/2023,23-Jun,62.13,600.39
369,468,6392.19,3/30/2023,5/19/2023,23-Jan,790.75,207.45
370,469,5596.02,11/24/2023,,23-Jun,997.45,818.69
371,470,5968.45,3/29/2023,12/4/2023,23-Jun,605.72,636.61
372,471,8472.25,12/24/2023,12/16/2023,23-Mar,643.5,55.51
373,472,1075.26,3/10/2023,10/22/2023,23-Dec,89.61,692.04
374,473,6048.4,3/23/2023,12/8/2022,23-Apr,799.66,280.34
375,474,5980.41,5/3/2023,1/26/2023,23-Feb,19.11,858.24
376,475,4803,3/5/2023,,23-Jul,495.78,535.13
377,476,7799.56,12/14/2023,6/23/2023,23-Aug,753.89,473.05
378,477,881.11,12/1/2023,4/3/2023,23-Jul,910.63,600.22
379,478,4484.15,5/3/2023,4/14/2023,23-Jun,342.72,787.62
380,479,7659.39,4/1/2023,10/11/2023,23-Oct,283.94,276.5
381,480,4909.06,3/25/2023,8/30/2023,23-Sep,980.82,34.03
382,481,5176.12,3/3/2023,3/16/2023,23-Jun,487.92,729.8
383,482,1464.17,3/23/2023,3/13/2023,23-Aug,455.06,804.56
384,483,847.14,3/10/2023,,23-Jan,422.18,577.42
385,484,253.29,12/9/2023,6/18/2023,23-Apr,984.76,22.76
386,485,1453.28,7/12/2023,6/26/2023,23-Jul,492,153.33
387,486,1235.74,3/20/2023,4/27/2023,23-Nov,846.61,641.52
388,487,1879.56,9/17/2023,7/27/2023,23-Dec,897,391.44
389,488,7232.05,7/31/2023,5/23/2023,23-Jun,208.98,193.87
390,489,1916.15,3/22/2023,12/20/2022,23-Aug,441.07,590.54
391,490,3573.47,10/17/2023,7/9/2023,23-Jun,606.31,790.15
392,491,510.35,1/26/2023,12/8/2022,23-Mar,127.72,242.13
393,492,1795.98,7/29/2023,1/10/2023,23-Sep,344.82,729.84
394,493,1812.9,12/6/2023,8/8/2023,23-Jan,652.19,808.49
395,494,9.65,5/21/2023,11/4/2023,23-May,37.18,808.49
396,495,3604.41,10/10/2023,11/19/2023,23-Dec,912.6,180.01
397,496,500.72,12/15/2023,7/5/2023,23-Jul,36.01,404.55
398,497,9210.87,6/17/2023,11/15/2023,23-May,428.68,695.7
399,498,6079.91,3/26/2023,7/20/2023,23-Jul,186.27,775.62
400,499,5590.8,7/19/2023,3/26/2023,23-May,978.61,499.4
401,500,3330.54,3/14/2023,12/14/2022,23-Oct,132,748.31
402,501,7178.75,6/13/2023,10/19/2023,23-Feb,722.3,963.13
403,502,4090.01,11/7/2023,3/4/2023,23-Jul,733.84,452.94
404,503,3808.13,8/29/2023,8/13/2023,23-Mar,905.64,77.56
405,504,3092.44,4/6/2023,2/14/2023,23-Oct,974.25,919.35
406,505,30.63,4/6/2023,1/12/2023,23-Apr,4.77,137.65
407,506,6275.26,10/16/2023,2/16/2023,23-Jan,275.01,636.75
408,507,7598.56,10/25/2023,3/7/2023,23-Apr,224.43,103.9
409,508,8664.01,2/15/2023,2/22/2023,23-Feb,487.88,379.98
410,509,3714.3,1/23/2023,,23-Sep,290.26,431.27
411,510,8683.03,5/28/2023,7/27/2023,23-Jul,220.13,274.59
412,511,1471.67,10/15/2023,5/9/2023,23-Nov,452.46,145.95
413,512,2254,11/2/2023,2/3/2023,23-Sep,353.08,104.12
414,513,2982.25,11/3/2023,5/11/2023,23-Nov,274.44,455.3
415,514,3754.82,3/18/2023,12/4/2022,23-Dec,757.66,58.87
416,515,6650.51,3/11/2023,11/28/2023,23-May,748.04,545.68
417,516,8884.94,6/1/2023,,23-Jun,862.65,464.44
418,517,9412.3,5/7/2023,8/21/2023,23-Jun,48.37,784.12
419,518,3315.22,7/3/2023,9/13/2023,23-Mar,366.36,551.35
420,519,811.2,9/9/2023,9/13/2023,23-Jul,905.45,105.6
421,520,7779.03,12/2/2023,4/5/2023,23-Apr,55.56,804.88
422,521,4947.02,9/11/2023,3/24/2023,23-Jan,924.65,748.54
423,522,1065.98,2/19/2023,,23-Sep,997.65,139.23
424,523,5785.1,8/23/2023,11/12/2023,23-Nov,612.15,356.37
425,524,6449.62,10/22/2023,,23-Dec,292.72,29.99
426,525,3642.1,1/10/2023,7/10/2023,23-Jun,222.8,186.18
427,526,9417.2,6/16/2023,,23-Jul,670.41,278.52
428,527,5988.44,1/18/2023,7/16/2023,23-Jun,400.61,40.48
429,528,2011.6,11/20/2023,,23-May,980.17,498.5
430,529,1927.8,9/15/2023,8/31/2023,23-Dec,476.61,852.52
431,530,6500.03,4/30/2023,12/12/2023,23-May,486.21,235.02
432,531,7728.91,9/18/2023,11/17/2023,23-Feb,684.85,412.28
433,532,8427.68,7/9/2023,5/6/2023,23-Feb,430.58,873.28
434,533,8518.77,12/29/2023,2/24/2023,23-Aug,615.87,116.87
435,534,9235.2,4/28/2023,7/5/2023,23-Mar,633.59,58.77
436,535,7046.2,3/7/2023,8/10/2023,23-Feb,772.12,25.5
437,536,7278.81,10/10/2023,12/27/2023,23-Jul,297.26,826.33
438,537,3238.03,4/15/2023,5/12/2023,23-Feb,568.04,289.33
439,538,3184.9,10/24/2023,11/1/2023,23-Jul,674.29,804.7
440,539,5628.33,6/12/2023,12/30/2022,23-Feb,6.98,629.46
441,540,4620.78,4/15/2023,12/21/2022,23-Nov,144.55,124.77
442,541,3064.5,4/10/2023,3/30/2023,23-Jan,426.76,396.55
443,542,7987.08,3/31/2023,4/7/2023,23-Apr,399.26,888.78
444,543,8782.01,2/17/2023,4/12/2023,23-Aug,407.07,699.63
445,544,6488.58,3/17/2023,2/11/2023,23-Dec,600.93,781.07
446,545,9145.91,7/6/2023,12/7/2022,23-Mar,919.43,208.34
447,546,8743.55,3/31/2023,7/1/2023,23-Sep,245.33,511.26
448,547,3109.19,10/30/2023,1/16/2023,23-Dec,467.6,33.9
449,548,5945.35,7/7/2023,12/7/2022,23-Sep,168.63,6.82
450,549,9217.3,2/7/2023,3/12/2023,23-Sep,199.79,584.89
451,550,5912.29,12/19/2023,5/18/2023,23-Nov,914.52,48.42
452,551,1032.62,10/1/2023,12/4/2022,23-Nov,218.13,861.26
453,552,3675.11,5/2/2023,1/12/2023,23-Jul,666.27,927.85
454,553,4613.8,2/18/2023,9/23/2023,23-Dec,968.21,607.99
455,554,563.8,12/26/2023,4/13/2023,23-Aug,734.94,665.37
456,555,5691.93,11/18/2023,3/28/2023,23-May,692.05,995.04
457,556,5123.04,12/3/2023,12/22/2022,23-Sep,897.13,629.06
458,557,5117.21,11/19/2023,3/2/2023,23-Oct,374.33,239.53
459,558,9069.08,7/30/2023,8/12/2023,23-Jan,762.73,183.03
460,559,8615.78,12/11/2023,2/6/2023,23-Aug,448.34,610.44
461,560,8251.89,9/29/2023,1/18/2023,23-Jan,345.93,114.42
462,561,6121.2,12/25/2023,12/12/2023,23-Nov,750.9,888.77
463,562,4473.68,1/17/2023,9/22/2023,23-Feb,489.96,577.41
464,563,7204.07,8/5/2023,,23-Nov,212.68,386.14
465,564,8935.42,3/12/2023,6/26/2023,23-Jul,5.91,228.11
466,565,6775.08,8/29/2023,7/12/2023,23-Dec,629.23,227.2
467,566,2497.05,1/29/2023,6/5/2023,23-Jul,32.36,234.74
468,567,454.44,12/8/2023,2/22/2023,23-Jun,1.99,828.38
469,568,4676.21,2/16/2023,5/21/2023,23-Jul,551.32,224.87
470,569,5332.9,9/10/2023,10/3/2023,23-Jul,139.55,815.72
471,570,4837.57,9/3/2023,6/6/2023,23-Aug,774.91,977.32
472,571,9628.5,10/11/2023,5/3/2023,23-Jan,938.97,173.71
473,572,4109.31,8/5/2023,2/5/2023,23-May,282.81,838.75
474,573,6948.21,6/10/2023,,23-Mar,406.25,6.07
475,574,6910.09,4/1/2023,12/26/2022,23-Nov,84.56,748.18
476,575,4344.51,8/21/2023,4/23/2023,23-Jul,86.17,875.78
477,576,9807.27,8/16/2023,11/5/2023,23-Nov,871.63,83.88
478,577,2601,3/22/2023,12/1/2023,23-Jan,620.24,352.19
479,578,3298.25,8/22/2023,4/16/2023,23-Nov,534.06,967.54
480,579,339.57,11/24/2023,4/2/2023,23-Aug,729.16,440.36
481,580,8445.99,1/13/2023,12/3/2022,23-Sep,945.09,642.27
482,581,6537.79,5/24/2023,5/31/2023,23-Aug,129.21,60.29
483,582,4142.45,7/1/2023,5/25/2023,23-Apr,760.25,134.27
484,583,3213.35,7/3/2023,2/25/2023,23-Nov,883.57,499.13
485,584,3048.78,1/9/2023,12/28/2022,23-Nov,367.03,273.82
486,585,6199.83,6/16/2023,1/21/2023,23-Feb,778.56,889.24
487,586,3641.11,5/17/2023,4/6/2023,23-Jan,399.83,826.34
488,587,6789.74,1/31/2023,12/20/2022,23-Nov,518.11,306.98
489,588,9508.14,4/29/2023,6/7/2023,23-May,942.76,96.43
490,589,1843.57,12/7/2023,12/2/2022,23-May,789.93,987.87
491,590,8896.67,6/24/2023,3/13/2023,23-Jul,417.12,899.56
492,591,6128.86,5/11/2023,4/14/2023,23-May,992.02,367.67
493,592,6192.5,12/23/2023,,23-Jan,815.75,137.06
494,593,9520.24,11/24/2023,11/6/2023,23-Aug,741.82,556.2
495,594,9004.7,9/6/2023,3/18/2023,23-Apr,344.98,856.54
496,595,141.6,11/14/2023,7/16/2023,23-Dec,515.8,796.32
497,596,6935.9,2/3/2023,6/24/2023,23-Mar,94.69,34.85
498,597,372.77,7/20/2023,,23-Aug,668.68,609.77
499,598,1054.21,3/5/2023,6/2/2023,23-Feb,417.59,899.78
500,599,5222.55,5/12/2023,8/3/2023,23-Jan,848.29,295.01
501,600,5691.47,7/30/2023,12/11/2023,23-Nov,541.19,85.26
502,601,2688.93,3/3/2023,,23-Jun,284.61,677.05
503,602,8103.64,1/7/2023,12/19/2023,23-May,151.85,100.08
504,603,2300.54,12/23/2023,5/27/2023,23-Feb,18.23,719.32
505,604,2465.3,2/9/2023,8/22/2023,23-Jul,352.12,297.3
506,605,2156.91,2/4/2023,,23-Jun,98.36,558.87
507,606,5330.15,1/6/2023,,23-Dec,743.21,141.03
508,607,9223.7,12/25/2023,2/6/2023,23-Sep,913.71,949.31
509,608,7625.46,5/26/2023,11/27/2023,23-Nov,926.77,312.86
510,609,4949.88,3/8/2023,3/21/2023,23-Feb,664.14,142.23
511,610,3336.58,12/16/2023,2/8/2023,23-Dec,244.36,873.97
512,611,3452.69,2/21/2023,11/26/2023,23-Jun,760.18,110.21
513,612,8678.04,7/27/2023,6/9/2023,23-Mar,863.59,909.04
514,613,8891.71,3/29/2023,5/9/2023,23-Jan,362.14,247.11
515,614,5523.41,1/7/2023,11/24/2023,23-Apr,690.97,604.23
516,615,2973.17,8/24/2023,8/5/2023,23-Feb,973.56,21.35
517,616,9734.86,1/7/2023,,23-Mar,865.93,944.69
518,617,2019.36,1/21/2023,1/29/2023,23-Oct,801.71,389
519,618,1489.73,5/1/2023,3/31/2023,23-Oct,619.04,394.12
520,619,784.8,5/27/2023,3/5/2023,23-Nov,507.39,252.37
521,620,6699.31,3/15/2023,10/23/2023,23-Dec,450.01,370.19
522,621,2017.89,12/19/2023,12/24/2022,23-Sep,460.59,737.13
523,622,8600.3,12/26/2023,12/1/2022,23-Aug,379.67,327.45
524,623,7222.55,11/7/2023,9/3/2023,23-May,527.99,613.47
525,624,4712.06,9/28/2023,8/15/2023,23-Nov,91.11,802.59
526,625,7193.09,7/16/2023,5/16/2023,23-Jul,466.67,700.7
527,626,3247.39,5/5/2023,2/11/2023,23-Nov,290.94,937.48
528,627,2104.07,8/11/2023,12/15/2023,23-Nov,547.36,209.34
529,628,6852.01,4/20/2023,3/18/2023,23-Apr,966.26,229.07
530,629,7012.15,2/8/2023,6/2/2023,23-Mar,487.33,241.73
531,630,7045.18,4/28/2023,9/26/2023,23-Oct,418.59,711.99
532,631,188.29,10/24/2023,4/20/2023,23-May,612,356.55
533,632,2695.91,6/21/2023,2/27/2023,23-Nov,724.85,373.91
534,633,4143.21,9/26/2023,4/22/2023,23-Jan,920.72,60.12
535,634,647.97,7/31/2023,8/5/2023,23-Apr,295.68,526.63
536,635,5894.44,9/11/2023,8/14/2023,23-Sep,950.18,441.12
537,636,7202.55,10/31/2023,5/5/2023,23-Dec,75.31,241.18
538,637,2295.3,3/25/2023,6/24/2023,23-May,201.96,116.62
539,638,5923.18,2/16/2023,5/30/2023,23-Nov,103.52,403.64
540,639,2321.01,6/5/2023,12/3/2023,23-Dec,541.02,812.23
541,640,7053.35,10/1/2023,9/2/2023,23-Jan,715.07,666.29
542,641,2110.46,6/10/2023,6/18/2023,23-Jun,853.03,288.37
543,642,7704.88,8/3/2023,1/20/2023,23-Jul,408.42,125.58
544,643,6913.12,6/11/2023,3/21/2023,23-May,859.74,640.95
545,644,1378.82,10/27/2023,,23-Jan,334.59,295.97
546,645,7435.54,7/13/2023,7/6/2023,23-Sep,798.99,774.46
547,646,8867.37,6/4/2023,12/10/2023,23-Jun,213.15,291.36
548,647,5031.8,4/1/2023,12/13/2022,23-Dec,457.52,512.09
549,648,7928.41,5/4/2023,1/10/2023,23-Jun,65.45,825.7
550,649,7694.74,8/15/2023,11/8/2023,23-Oct,357.39,719.12
551,650,4122.45,3/2/2023,5/3/2023,23-Dec,836.41,297.19
552,651,2563.92,3/21/2023,4/19/2023,23-Dec,715.85,670.7
553,652,9063.95,3/15/2023,7/1/2023,23-Feb,888.27,329.4
554,653,763.46,4/3/2023,10/13/2023,23-Nov,807.48,264.79
555,654,8704.14,2/9/2023,12/4/2023,23-Feb,812.92,208.51
556,655,7180.84,4/7/2023,6/28/2023,23-Feb,624.85,175.15
557,656,148.89,4/5/2023,6/28/2023,23-Apr,19.61,724.36
558,657,7392.87,12/10/2023,1/1/2023,23-Sep,127.68,998.96
559,658,1944.42,12/10/2023,,23-Sep,74.16,528.96
560,659,9038.84,4/14/2023,9/25/2023,23-Mar,439.71,934.53
561,660,7670.08,12/9/2023,11/1/2023,23-Feb,442.13,362.1
562,661,2315.26,9/3/2023,11/11/2023,23-Feb,323.56,820.17
563,662,5020.68,10/21/2023,11/14/2023,23-Jun,142.26,741.41
564,663,274.76,8/10/2023,6/7/2023,23-Dec,49.75,962.47
565,664,5138.17,7/26/2023,8/28/2023,23-Jul,7.4,409.76
566,665,3.71,8/26/2023,6/19/2023,23-Sep,19.67,291.88
567,666,8673.56,12/21/2023,11/9/2023,23-May,972.07,145.22
568,667,551.1,1/29/2023,4/24/2023,23-May,473.94,336.14
569,668,7699.46,4/8/2023,12/12/2023,23-Mar,801.11,781.64
570,669,3082.56,2/20/2023,12/11/2022,23-Sep,373.81,153.43
571,670,7814.19,10/21/2023,1/14/2023,23-Aug,869.75,989.16
572,671,5981.56,8/18/2023,1/22/2023,23-May,864.38,817.46
573,672,3819.36,10/2/2023,11/28/2023,23-Apr,967.46,601.31
574,673,8679.31,2/18/2023,,23-Oct,161.27,834.33
575,674,5251.43,6/29/2023,8/1/2023,23-Mar,518.5,865.5
576,675,6551.03,8/16/2023,11/15/2023,23-Dec,745.79,636.12
577,676,774.1,11/22/2023,9/28/2023,23-May,885.05,494.01
578,677,6201.69,4/24/2023,10/28/2023,23-Jan,911.64,899.73
579,678,4055.02,6/6/2023,8/22/2023,23-Jun,987.73,423.61
580,679,7801.87,2/13/2023,9/10/2023,23-Aug,103.37,52.77
581,680,613.25,7/14/2023,12/30/2022,23-Feb,137.04,210.78
582,681,5511.28,2/22/2023,6/20/2023,23-Dec,640.5,841.54
583,682,8950.57,7/25/2023,11/10/2023,23-Jun,905.68,780.07
584,683,8334.89,5/6/2023,11/23/2023,23-Dec,537.95,33.42
585,684,8649.79,10/16/2023,1/22/2023,23-Apr,663.78,357.26
586,685,1692.35,4/17/2023,7/18/2023,23-Dec,645.39,450.05
587,686,2996.87,10/20/2023,2/6/2023,23-Jun,376.92,591.42
588,687,7269.28,8/9/2023,7/12/2023,23-Oct,497.81,348.57
589,688,7829.45,5/15/2023,1/4/2023,23-Jun,166.44,527
590,689,4915.4,3/21/2023,1/13/2023,23-May,416.93,424.38
591,690,763.84,10/10/2023,3/17/2023,23-Apr,580.86,585.89
592,691,4148.61,8/14/2023,4/26/2023,23-Jun,449.97,216.87
593,692,6056.36,9/17/2023,10/29/2023,23-Oct,473.61,212.57
594,693,5254.82,2/22/2023,3/19/2023,23-Sep,520,147.7
595,694,6315,1/1/2023,6/1/2023,23-Nov,885.69,236.22
596,695,1730.61,10/18/2023,12/19/2022,23-Oct,81.69,383.55
597,696,2990.42,7/24/2023,,23-Aug,370.05,241.32
598,697,4106.4,4/27/2023,,23-Sep,379.91,226.53
599,698,9351.71,12/8/2023,10/20/2023,23-Jun,224.57,701.24
600,699,2892.31,8/15/2023,,23-Jan,165.84,95.77
601,700,4690.63,11/25/2023,9/16/2023,23-Mar,951.85,541.13
602,701,1647.85,3/5/2023,4/16/2023,23-May,668.19,720.07
603,702,1967.37,5/17/2023,10/17/2023,23-Jul,151.64,804.95
604,703,6268.53,8/27/2023,12/5/2022,23-Aug,967.59,592.71
605,704,7693.12,5/23/2023,12/3/2023,23-Jul,576.41,203.76
606,705,820.78,2/25/2023,7/16/2023,23-Jan,546,196.86
607,706,4100.59,2/6/2023,,23-Nov,588.65,534.64
608,707,9570.16,3/8/2023,4/12/2023,23-Nov,500.08,197.77
609,708,891.53,6/13/2023,1/1/2023,23-Mar,73.43,656.22
610,709,6379.76,2/25/2023,8/6/2023,23-Aug,983.08,188.12
611,710,5300.12,8/10/2023,2/7/2023,23-May,311.38,653.6
612,711,6915.58,5/13/2023,6/30/2023,23-Sep,69.88,57.26
613,712,3619.86,11/15/2023,7/3/2023,23-Aug,865.43,646.92
614,713,839.06,5/1/2023,10/7/2023,23-May,800.61,70.18
615,714,8309.55,5/22/2023,11/5/2023,23-Jan,893.95,655.57
616,715,7699.8,4/20/2023,12/29/2022,23-Jun,605.53,715.78
617,716,3848.39,8/27/2023,12/4/2023,23-Dec,40.73,403.02
618,717,3007.27,8/30/2023,11/18/2023,23-Nov,413.8,118.49
619,718,9731.03,5/22/2023,3/14/2023,23-Feb,399.96,751.08
620,719,5284.19,10/10/2023,8/3/2023,23-Feb,277.12,983.15
621,720,764.81,10/16/2023,1/7/2023,23-Feb,695.19,362.4
622,721,9813.6,1/11/2023,9/7/2023,23-Jan,788.02,83.39
623,722,144.52,6/28/2023,4/14/2023,23-Aug,766.76,65.81
624,723,2068.17,9/28/2023,4/5/2023,23-Sep,463.16,149.13
625,724,9780.47,6/18/2023,8/31/2023,23-Nov,802.32,674.64
626,725,4383.76,11/11/2023,5/30/2023,23-Dec,78.38,555.14
627,726,2155.84,12/26/2023,10/26/2023,23-Jul,43.12,684.87
628,727,7712.43,3/8/2023,2/16/2023,23-Nov,892.27,392.61
629,728,6490.82,3/14/2023,12/17/2023,23-Oct,244.68,866.12
630,729,874.03,2/6/2023,,23-Oct,479.7,501.41
631,730,7465.54,2/3/2023,11/21/2023,23-Oct,563.43,484.26
632,731,2962.67,10/13/2023,4/13/2023,23-May,199.97,623.35
633,732,4548.4,1/24/2023,4/13/2023,23-Jul,406.69,764.92
634,733,2379.32,1/25/2023,12/8/2022,23-Apr,131.31,496.82
635,734,6092.34,4/26/2023,12/9/2022,23-Dec,503.02,390.56
636,735,5951.01,9/3/2023,5/14/2023,23-Jul,443.17,80.7
637,736,9245.51,1/10/2023,8/21/2023,23-Jun,990.88,926.35
638,737,6178.41,5/11/2023,12/17/2023,23-Aug,562.93,332.27
639,738,3235.1,1/24/2023,8/9/2023,23-Jul,927.4,358.6
640,739,7255.87,7/10/2023,2/15/2023,23-Sep,394.3,395.9
641,740,3891.2,10/18/2023,8/9/2023,23-Feb,360.87,736.12
642,741,9804.5,12/16/2023,9/7/2023,23-Nov,796.79,543
643,742,5072.43,11/25/2023,1/11/2023,23-Jun,186.2,887.01
644,743,8319.17,7/23/2023,9/22/2023,23-Dec,460.62,642.87
645,744,9163.23,8/12/2023,,23-Apr,299.38,210.84
646,745,8293.16,8/24/2023,2/12/2023,23-Sep,846.17,625.19
647,746,8091.16,5/21/2023,2/15/2023,23-Oct,211.27,569.49
648,747,4422.51,6/29/2023,2/6/2023,23-Mar,446.45,512.08
649,748,5244.63,5/8/2023,11/10/2023,23-Apr,987.2,684.59
650,749,1728,3/20/2023,10/13/2023,23-Oct,43.73,363.87
651,750,1813.62,1/6/2023,12/7/2022,23-Aug,599.08,139.57
652,751,5381.77,4/12/2023,11/18/2023,23-Apr,338.82,302.38
653,752,8287.56,3/30/2023,5/15/2023,23-Feb,709.2,399.67
654,753,9346.19,2/13/2023,10/17/2023,23-Feb,929.62,285.43
655,754,4390.14,12/30/2023,9/11/2023,23-Apr,707.94,957.75
656,755,3948.73,2/27/2023,3/29/2023,23-Jul,37.04,160.83
657,756,3352.01,10/1/2023,4/30/2023,23-Jun,921.61,413.96
658,757,1708.77,11/28/2023,3/14/2023,23-May,226.93,995.47
659,758,7291.81,8/23/2023,,23-Nov,969.63,305.7
660,759,437.01,7/1/2023,10/22/2023,23-Nov,681.36,450.67
661,760,9791.01,9/30/2023,6/13/2023,23-Oct,721.73,400.85
662,761,7134.93,11/29/2023,3/27/2023,23-Apr,993.79,299.29
663,762,8805.1,4/30/2023,5/12/2023,23-Jan,217.88,731.55
664,763,748.99,7/7/2023,12/26/2023,23-Apr,533.7,582.1
665,764,4318.22,1/16/2023,4/9/2023,23-Mar,234.34,939.61
666,765,6069.9,3/13/2023,1/29/2023,23-Aug,859.81,329.25
667,766,8945.82,5/8/2023,12/14/2023,23-Mar,992.67,913.56
668,767,1547.75,4/1/2023,,23-Feb,965.65,35.7
669,768,658.07,5/10/2023,3/24/2023,23-Sep,815.15,701.97
670,769,3061.96,7/20/2023,3/12/2023,23-Oct,654.92,896.39
671,770,9985.08,3/20/2023,4/5/2023,23-May,329.94,235.51
672,771,7317,11/20/2023,4/12/2023,23-Oct,425.66,318.63
673,772,4504.64,9/9/2023,5/11/2023,23-Jul,466.41,361.3
674,773,3780.47,6/20/2023,8/3/2023,23-Mar,64.64,558.06
675,774,1029.86,11/24/2023,12/6/2023,23-Sep,416.54,80.25
676,775,8247.28,9/17/2023,7/23/2023,23-Mar,130.34,40.49
677,776,461.43,9/16/2023,12/3/2022,23-Nov,154.17,944.39
678,777,1504.72,4/5/2023,10/18/2023,23-Jun,42.44,989.13
679,778,2500.43,7/16/2023,9/13/2023,23-Jul,887.53,974.09
680,779,1988.56,11/8/2023,5/30/2023,23-May,227.51,466.22
681,780,4557.45,7/15/2023,10/21/2023,23-Sep,494.62,876.99
682,781,6883.94,11/26/2023,5/20/2023,23-Feb,180.68,589.79
683,782,9784.56,2/10/2023,8/12/2023,23-Sep,97.97,314.76
684,783,8338.81,12/7/2023,12/27/2022,23-Nov,163.56,758.66
685,784,1689.85,11/25/2023,4/19/2023,23-Sep,508.51,71.03
686,785,4150.08,1/24/2023,,23-Dec,997.91,880.4
687,786,4126.93,6/19/2023,3/24/2023,23-Jul,530.45,295.41
688,787,7860.23,12/3/2023,1/13/2023,23-Oct,298.19,172.73
689,788,1808.91,12/5/2023,6/19/2023,23-Jan,535.23,212.61
690,789,9078.36,6/3/2023,7/19/2023,23-Apr,150.43,102.8
691,790,6731.54,12/15/2023,2/20/2023,23-Aug,163.66,840.02
692,791,8775.34,1/10/2023,12/13/2022,23-May,285.62,140.13
693,792,201.86,1/4/2023,,23-Dec,969.63,963.2
694,793,9922.6,9/7/2023,12/7/2023,23-Apr,236.99,662.27
695,794,8836.6,5/14/2023,,23-May,605.7,500.17
696,795,7380.58,7/1/2023,2/3/2023,23-Feb,410,125.63
697,796,9245.46,6/26/2023,,23-Jul,700.53,269.5
698,797,2663.91,11/1/2023,,23-Jun,491.81,863.94
699,798,1934.87,10/11/2023,12/13/2022,23-Dec,722.31,234.38
700,799,6719.98,8/13/2023,12/22/2023,23-May,748.4,878.43
701,800,7124.48,2/5/2023,10/16/2023,23-Jun,507.8,132.91
702,801,2207.12,2/1/2023,4/27/2023,23-May,770.22,133.4
703,802,8693.34,5/13/2023,5/6/2023,23-Jul,67.29,749.28
704,803,4444.64,9/5/2023,12/21/2022,23-Mar,232.84,804.9
705,804,1463.27,6/27/2023,1/14/2023,23-Aug,411.14,48.32
706,805,19.23,11/8/2023,3/2/2023,23-May,181.9,208.37
707,806,474.22,6/6/2023,12/5/2022,23-Oct,124.2,275.05
708,807,3276.23,8/15/2023,8/31/2023,23-Feb,491.46,922.58
709,808,5988.19,8/16/2023,,23-Aug,602.81,767.65
710,809,4189.36,7/31/2023,5/22/2023,23-May,232.56,901.56
711,810,5988.65,8/2/2023,5/25/2023,23-Sep,448.88,447.65
712,811,3043.84,4/8/2023,6/11/2023,23-Nov,392.75,841.88
713,812,3922.39,4/19/2023,12/28/2023,23-Jan,302.12,887.77
714,813,5776.43,10/17/2023,2/12/2023,23-Jun,0.13,421.6
715,814,3666.43,10/1/2023,,23-Jun,362.65,191.49
716,815,3910.89,2/14/2023,,23-Oct,785.77,319.63
717,816,3501.04,5/7/2023,11/18/2023,23-Oct,977.62,638.47
718,817,333.68,5/24/2023,11/9/2023,23-Nov,433.57,689.2
719,818,677.21,9/10/2023,6/17/2023,23-Apr,311.67,190.32
720,819,4331.19,10/12/2023,1/22/2023,23-Jan,783.67,418.24
721,820,4023.07,11/17/2023,12/24/2022,23-Sep,939.13,219.54
722,821,6205.58,8/9/2023,11/18/2023,23-May,888.52,234.35
723,822,5985.91,2/20/2023,11/18/2023,23-Feb,231.24,358.54
724,823,8189.68,8/16/2023,3/26/2023,23-Jun,331.71,537.56
725,824,4979.27,7/26/2023,12/7/2022,23-Apr,397.41,97.88
726,825,2933.8,6/12/2023,7/14/2023,23-Mar,783.85,249.74
727,826,5766.3,11/16/2023,3/28/2023,23-Oct,822.19,833.71
728,827,8165.31,12/10/2023,8/7/2023,23-Aug,678.75,817.42
729,828,8718.29,4/3/2023,9/8/2023,23-Dec,464.63,651.29
730,829,7539.92,6/17/2023,3/15/2023,23-Jan,246.45,867.91
731,830,4403.22,1/8/2023,6/30/2023,23-Jul,557.16,508.09
732,831,6304.24,6/23/2023,1/17/2023,23-May,336.7,819.26
733,832,7097.18,11/10/2023,2/6/2023,23-Jan,780.15,701.66
734,833,629.4,8/12/2023,9/14/2023,23-Jan,34.97,118.77
735,834,1992.24,10/6/2023,,23-Jul,641.99,122.92
736,835,7055.29,8/6/2023,1/25/2023,23-Dec,705.28,468.87
737,836,1737.65,9/28/2023,8/28/2023,23-Jul,315.44,986.34
738,837,6431.2,9/14/2023,3/23/2023,23-Nov,87.38,98.92
739,838,2458.31,9/14/2023,12/29/2023,23-Nov,22.33,815.87
740,839,2436.17,8/5/2023,3/8/2023,23-Dec,639.8,489.97
741,840,5831.77,11/17/2023,11/28/2023,23-May,117.6,449.36
742,841,8935.79,8/24/2023,4/12/2023,23-Nov,58.45,283.65
743,842,7583.75,8/8/2023,6/4/2023,23-Jul,91.52,463.93
744,843,3567.86,10/15/2023,7/20/2023,23-Sep,811.34,36.52
745,844,4195.37,3/31/2023,12/7/2022,23-Dec,427.38,779.47
746,845,3439.37,8/19/2023,1/5/2023,23-Jun,38.66,24.65
747,846,4409.34,8/27/2023,5/20/2023,23-Oct,278.13,512.56
748,847,9392.94,8/26/2023,4/25/2023,23-Mar,614.67,675.38
749,848,5208.11,4/9/2023,2/24/2023,23-Mar,598.66,755.21
750,849,9601.72,8/10/2023,9/9/2023,23-Jun,727.17,964.69
751,850,3595.82,5/15/2023,4/6/2023,23-Jul,570.78,751.63
752,851,1407.91,1/30/2023,10/5/2023,23-May,478.36,386.23
753,852,8575.07,12/29/2023,7/2/2023,23-Nov,31.26,345.98
754,853,4828.78,5/29/2023,,23-Aug,668.04,347.55
755,854,2955.6,10/25/2023,1/22/2023,23-Apr,301.92,640.7
756,855,4718.12,11/20/2023,11/8/2023,23-Aug,678.17,733.55
757,856,5910.09,1/27/2023,12/3/2023,23-Dec,247.78,42.77
758,857,2498.01,6/16/2023,8/5/2023,23-Feb,430.66,730.68
759,858,2155.26,4/27/2023,1/13/2023,23-Apr,467.57,836.42
760,859,2890.54,5/26/2023,12/8/2022,23-Dec,415.15,889.17
761,860,7581.82,3/21/2023,,23-Oct,431.6,226
762,861,3503.22,12/15/2023,4/16/2023,23-Mar,864.42,152.06
763,862,8599.75,3/5/2023,12/29/2022,23-Jan,209.8,897.61
764,863,116.24,8/3/2023,9/17/2023,23-Dec,464.05,981.34
765,864,4046.12,5/10/2023,2/26/2023,23-May,867.59,739.68
766,865,5396.88,12/28/2023,3/25/2023,23-Jul,602.54,932.7
767,866,7166.56,7/16/2023,8/17/2023,23-Nov,939.09,940.53
768,867,3703.47,3/10/2023,12/8/2022,23-Apr,598,188.4
769,868,3186.17,8/19/2023,10/7/2023,23-Nov,929.81,7.58
770,869,536.67,6/23/2023,6/3/2023,23-Jan,761.28,547.69
771,870,6175.68,3/4/2023,6/25/2023,23-Jan,439.6,104.32
772,871,1921.05,9/7/2023,6/29/2023,23-Jun,268.7,835.25
773,872,5922.55,11/6/2023,7/2/2023,23-Oct,45.78,523.13
774,873,4772.17,9/11/2023,6/29/2023,23-May,806.47,483.95
775,874,869.21,12/3/2023,12/21/2022,23-Mar,172.38,853.84
776,875,1671.99,8/10/2023,9/30/2023,23-May,523.01,939.17
777,876,4488.87,7/21/2023,12/16/2022,23-Jul,693.67,760.15
778,877,4543.11,4/25/2023,1/6/2023,23-Aug,555.52,925.43
779,878,3905.8,6/21/2023,7/12/2023,23-May,415.26,329.38
780,879,8468.63,9/1/2023,12/31/2022,23-Dec,650.64,698.54
781,880,4309.45,1/8/2023,5/8/2023,23-Sep,501.34,48.55
782,881,6256.89,10/2/2023,,23-Feb,53.39,306.1
783,882,3408.46,2/10/2023,7/5/2023,23-Mar,245.49,933.85
784,883,5026.68,8/12/2023,11/5/2023,23-Apr,142.99,711.94
785,884,1293.14,2/9/2023,7/17/2023,23-Dec,323.79,532.97
786,885,2137.23,1/12/2023,3/12/2023,23-Dec,425.04,18.31
787,886,7077.54,5/29/2023,10/25/2023,23-Sep,271.74,561.64
788,887,657.37,10/10/2023,7/11/2023,23-Feb,11.62,67.78
789,888,9542.6,4/14/2023,12/27/2022,23-Oct,351.15,969.23
790,889,432.63,6/5/2023,7/21/2023,23-Mar,395.08,528.07
791,890,3658.61,10/11/2023,12/27/2023,23-Aug,423.53,393.32
792,891,3220.91,5/23/2023,3/6/2023,23-Dec,48.68,342.06
793,892,8166.08,11/16/2023,5/7/2023,23-Apr,417.19,152.65
794,893,2733.86,5/9/2023,1/30/2023,23-Oct,959.2,705.81
795,894,5106.82,10/24/2023,,23-Sep,761.87,746.88
796,895,903.25,8/2/2023,,23-Nov,853.67,680.13
797,896,9767.38,12/1/2023,9/19/2023,23-Mar,851.34,843.53
798,897,8938.36,8/21/2023,8/8/2023,23-Aug,877.35,829.35
799,898,7524.74,3/20/2023,,23-Aug,90.37,97.24
800,899,6895.81,5/16/2023,10/16/2023,23-Jul,474.53,102.57
801,900,5003.76,5/11/2023,5/13/2023,23-Dec,593.59,377.06
802,901,2014.64,3/5/2023,7/8/2023,23-Jan,303.84,287.16
803,902,1089.99,7/26/2023,12/2/2022,23-Mar,661.57,473.76
804,903,3198.84,6/7/2023,12/30/2023,23-Nov,714.07,122.52
805,904,8078.42,10/26/2023,,23-Nov,482.94,853.66
806,905,7508.54,3/24/2023,1/18/2023,23-Jun,657.06,818.43
807,906,5181.5,5/1/2023,9/27/2023,23-Nov,460.33,95.82
808,907,3878.58,8/14/2023,10/2/2023,23-Mar,935.42,990.25
809,908,7058.34,2/8/2023,4/18/2023,23-Jul,359.32,264.54
810,909,910.46,2/10/2023,4/10/2023,23-Jul,622.93,997.58
811,910,8186.59,7/29/2023,12/28/2023,23-Sep,90.85,174.86
812,911,2226.28,11/16/2023,12/5/2022,23-Nov,389.15,488
813,912,2468.44,5/9/2023,2/6/2023,23-Jul,808.7,886.49
814,913,7734.7,10/24/2023,4/10/2023,23-Jul,314.99,94.47
815,914,3452.31,9/2/2023,1/30/2023,23-Aug,343.13,901.1
816,915,9675.11,7/15/2023,4/29/2023,23-Dec,301.82,73.59
817,916,305.19,2/12/2023,8/15/2023,23-Apr,264.74,738.3
818,917,1900.06,4/6/2023,9/2/2023,23-Jun,716.64,235.21
819,918,6749.49,8/2/2023,10/26/2023,23-Jun,184.62,150.42
820,919,7747.2,7/16/2023,9/27/2023,23-Jun,864.83,398.91
821,920,7917.91,5/17/2023,3/28/2023,23-Nov,23.53,223.85
822,921,8342.33,12/3/2023,12/5/2022,23-Jun,397.5,659.11
823,922,8221.29,1/26/2023,11/12/2023,23-Oct,180.34,160.21
824,923,7264.08,2/1/2023,3/1/2023,23-Oct,841.07,704.56
825,924,1971.63,5/4/2023,12/20/2022,23-Feb,942.36,84.17
826,925,8212.02,7/28/2023,3/14/2023,23-Jan,798.6,667.61
827,926,8646.31,2/25/2023,6/14/2023,23-Jul,872.73,832.22
828,927,498.61,11/30/2023,1/1/2023,23-Oct,897.65,33.92
829,928,5339,8/3/2023,6/4/2023,23-Oct,867.94,37.68
830,929,905.98,10/5/2023,2/1/2023,23-Apr,133.97,928.05
831,930,6258.31,7/15/2023,7/26/2023,23-Aug,267.14,88.83
832,931,597.8,7/5/2023,9/8/2023,23-Jan,674.07,893.45
833,932,1593.1,3/2/2023,12/20/2023,23-Aug,587.45,613.76
834,933,8746.28,12/3/2023,,23-Jan,721.12,735.46
835,934,7919.28,11/16/2023,6/5/2023,23-Nov,867.38,476.86
836,935,7357.17,7/12/2023,5/20/2023,23-Sep,212.38,226.42
837,936,8999.3,4/24/2023,1/17/2023,23-Jan,199.04,542.62
838,937,8159.9,2/9/2023,,23-Apr,296.11,292.91
839,938,6039.76,5/19/2023,6/18/2023,23-Oct,24.07,31.83
840,939,6101.1,12/19/2023,7/23/2023,23-Dec,308.57,661.25
841,940,9528.4,3/16/2023,8/26/2023,23-Oct,3.38,377.26
842,941,1090.52,6/13/2023,,23-Apr,943.13,816.57
843,942,9833.73,7/29/2023,9/30/2023,23-Jul,265.81,262.04
844,943,795.15,1/5/2023,4/26/2023,23-Nov,335.95,734.64
845,944,5153.65,4/21/2023,1/21/2023,23-Jul,394.51,455.86
846,945,5423,8/30/2023,4/22/2023,23-Dec,364.63,555.78
847,946,306.37,8/11/2023,5/27/2023,23-Nov,252.48,326.99
848,947,2721.18,12/1/2023,1/16/2023,23-Jun,598.18,344.37
849,948,7882.35,8/30/2023,12/2/2023,23-May,297.29,294.16
850,949,4293.57,6/29/2023,5/22/2023,23-Aug,131.75,851.4
851,950,8601.41,7/17/2023,3/22/2023,23-Nov,513.55,973.77
852,951,799.38,8/14/2023,,23-Jun,398.51,161.75
853,952,5008.32,9/27/2023,12/19/2023,23-Aug,712.87,709.59
854,953,68.52,3/19/2023,10/26/2023,23-Jan,582.84,503.11
855,954,2416.25,4/22/2023,1/14/2023,23-Oct,504.47,676.08
856,955,6594.32,1/13/2023,3/14/2023,23-Aug,465.48,560.56
857,956,7253.05,6/21/2023,,23-Dec,67.34,573.16
858,957,3365.84,10/24/2023,,23-Dec,147.07,44.92
859,958,5703.13,12/22/2023,4/8/2023,23-Dec,827.6,756.18
860,959,8802.35,7/17/2023,9/27/2023,23-Oct,201.07,375.91
861,960,3752.33,1/18/2023,10/6/2023,23-Oct,391.54,521.39
862,961,1420.43,2/14/2023,6/2/2023,23-Aug,171.57,348.87
863,962,1367.92,11/27/2023,1/18/2023,23-May,66.6,30.51
864,963,1870.31,12/25/2023,1/21/2023,23-Apr,797.16,723.63
865,964,1055.66,4/2/2023,3/4/2023,23-Sep,553.49,684.23
866,965,8767.94,8/12/2023,,23-Jun,663.08,866.86
867,966,8490.17,1/21/2023,12/25/2022,23-Feb,180.05,110.04
868,967,3586.57,1/22/2023,6/12/2023,23-Dec,978.33,630.37
869,968,8892.61,5/21/2023,10/19/2023,23-Nov,337.78,674.57
870,969,4153.67,10/25/2023,8/26/2023,23-Nov,631.57,925.93
871,970,6766.3,7/8/2023,5/14/2023,23-Mar,994.63,532.65
872,971,1070.83,1/3/2023,5/28/2023,23-Jul,109.89,790.2
873,972,1814.9,5/14/2023,3/20/2023,23-Oct,610.91,959.26
874,973,3463.07,10/14/2023,7/8/2023,23-Jan,437.61,114.4
875,974,8703.13,3/22/2023,1/26/2023,23-Mar,880.74,21.09
876,975,3468.85,11/24/2023,12/22/2022,23-Nov,793.47,474.82
877,976,1854.68,3/27/2023,,23-Jun,201.37,487.14
878,977,6465.58,10/18/2023,2/28/2023,23-Apr,140.97,816.96
879,978,9973.01,11/20/2023,8/28/2023,23-Nov,134.85,712.59
880,979,3686.67,4/24/2023,8/2/2023,23-Oct,945.48,64.02
881,980,1742.99,2/17/2023,9/6/2023,23-Jul,177.85,210.06
882,981,987.72,11/24/2023,7/15/2023,23-Aug,145.05,191.95
883,982,8206.26,11/1/2023,1/28/2023,23-Dec,427.95,943.01
884,983,3249.65,9/24/2023,4/28/2023,23-Sep,233.09,925.63
885,984,8292.05,5/28/2023,6/13/2023,23-Mar,925.31,941.53
886,985,9835.18,11/25/2023,3/10/2023,23-Jun,375.29,169.4
887,986,147.18,11/28/2023,3/15/2023,23-Jan,921.57,587.44
888,987,6719.79,6/3/2023,,23-Aug,257.94,575.4
889,988,323.01,9/1/2023,4/15/2023,23-Mar,594.51,429.23
890,989,3819.7,8/2/2023,,23-Feb,657.41,3.45
891,990,7205.26,7/1/2023,9/8/2023,23-Mar,34.47,671.41
892,991,680.03,4/30/2023,5/2/2023,23-Mar,884.2,123.85
893,992,2861.83,7/10/2023,3/19/2023,23-Oct,147.22,645.33
894,993,3377.41,3/17/2023,12/9/2023,23-May,47.33,670.13
895,994,4928.62,5/16/2023,11/6/2023,23-Jul,20.54,841.94
896,995,6022.4,1/30/2023,11/27/2023,23-May,358.13,959.28
897,996,5303.09,8/31/2023,1/20/2023,23-Jun,566.86,941.69
898,997,9269.6,3/27/2023,6/14/2023,23-Mar,372.63,249.65
899,998,5187.23,8/20/2023,4/2/2023,23-Jan,9.99,393.44
900,999,7648.16,5/14/2023,,23-Jan,109.01,400.29
901,1000,5908.34,5/9/2023,7/25/2023,23-Dec,665.76,391.61
902,1,6203.74,6/15/2023,7/18/2023,23-Nov,835.08,949.31
903,2,3176.55,7/19/2023,3/5/2023,23-Mar,765.85,705.24
904,3,1516.05,4/14/2023,10/7/2023,23-Jun,632.85,728.35
905,4,8167.78,8/23/2023,11/3/2023,23-Sep,876.7,71.02
906,5,4154.27,6/30/2023,2/23/2023,23-Dec,551.31,307.69
907,6,4655.14,6/25/2023,,23-Jun,645.42,626.79
908,7,5858.68,4/10/2023,,23-Jun,753.17,257.24
909,8,2321.34,5/29/2023,1/27/2023,23-Mar,698.9,577.38
910,9,1618.28,9/19/2023,11/5/2023,23-Feb,791.97,27.84
911,10,382.97,11/30/2023,,23-Nov,371.33,710.69
912,11,650.19,8/28/2023,1/29/2023,23-Jan,485.89,133.71
913,12,8519.83,4/4/2023,3/20/2023,23-Oct,846.77,436.62
914,13,3950.59,4/13/2023,5/8/2023,23-Oct,335.3,840.01
915,14,1523.82,10/5/2023,6/14/2023,23-Oct,43.53,128.46
916,15,7637.33,9/5/2023,5/25/2023,23-Feb,607.06,247.24
917,16,4999.39,3/6/2023,7/7/2023,23-Jun,923.15,239.1
918,17,1061.55,3/18/2023,,23-Dec,829,224.16
919,18,7825.14,8/5/2023,,23-Dec,266.62,989.03
920,19,2631.32,6/15/2023,2/15/2023,23-Jun,979.13,284.58
921,20,2308.61,6/19/2023,4/8/2023,23-Dec,97.94,667.07
922,21,4354.43,7/5/2023,10/9/2023,23-Oct,895.1,685.16
923,22,1162.86,9/26/2023,12/15/2022,23-Nov,576.91,940.24
924,23,3511.94,3/12/2023,12/26/2023,23-Oct,490.55,785.53
925,24,8785.03,10/3/2023,4/26/2023,23-Mar,967.95,475.04
926,25,966.36,10/30/2023,,23-Jun,107.25,531.44
927,26,5635.99,3/31/2023,5/6/2023,23-Aug,715.72,780.88
928,27,9663.54,2/18/2023,12/3/2023,23-Apr,542.4,239.73
929,28,323.97,7/13/2023,4/9/2023,23-Oct,599.72,418.05
930,29,1851.86,8/4/2023,6/6/2023,23-Oct,767.27,699.1
931,30,3944.52,10/21/2023,10/29/2023,23-Feb,80.96,81.83
932,31,636.48,2/24/2023,6/25/2023,23-May,188.86,50.9
933,32,2592.41,2/24/2023,3/27/2023,23-Jun,6.26,768.54
934,33,2083.58,6/14/2023,1/1/2023,23-Feb,806.69,435.13
935,34,4536.72,6/13/2023,7/21/2023,23-Jul,443.7,678.9
936,35,7435.79,10/9/2023,6/1/2023,23-Feb,562.15,545.97
937,36,5696.93,11/30/2023,1/14/2023,23-Dec,708.11,610.61
938,37,6152.35,2/1/2023,7/11/2023,23-Mar,819.65,529.42
939,38,4530.16,9/9/2023,,23-Sep,873.41,734.2
940,39,1254.16,9/28/2023,4/22/2023,23-Nov,503.5,211.31
941,40,3133.52,3/30/2023,12/13/2023,23-Jul,162.2,63.95
942,41,4261.88,2/8/2023,11/9/2023,23-Feb,786.32,637.65
943,42,6340.02,11/23/2023,10/2/2023,23-Oct,5.45,320.38
944,43,6080.16,12/9/2023,12/3/2022,23-Feb,165.71,702.63
945,44,7907.11,5/20/2023,,23-Nov,989.83,555.75
946,45,3004.63,9/12/2023,6/23/2023,23-Jul,370.04,680.85
947,46,5988.05,9/10/2023,2/25/2023,23-Oct,454.52,691.97
948,47,2853.95,3/18/2023,9/19/2023,23-Mar,668.31,931.5
949,48,5614.72,3/19/2023,12/23/2023,23-Aug,367.93,414.26
950,49,2357.6,6/10/2023,12/17/2023,23-Aug,929.4,981.37
951,50,3466.1,12/26/2023,5/23/2023,23-Jul,88.95,905.36
952,51,4828.1,12/30/2023,10/23/2023,23-Feb,201.9,385.37
953,52,1577.6,7/2/2023,5/28/2023,23-Oct,785.37,627.11
954,53,1325.72,5/27/2023,6/6/2023,23-Jul,538.58,158.84
955,54,6038.94,5/11/2023,8/22/2023,23-Jan,691.71,922.14
956,55,548.92,9/21/2023,5/3/2023,23-Nov,450.27,548.63
957,56,836.12,4/18/2023,,23-Mar,943.91,993.08
958,57,9284.48,8/20/2023,8/4/2023,23-Aug,613.8,244.77
959,58,5102.57,3/20/2023,1/4/2023,23-Nov,400.32,815.62
960,59,381.37,12/7/2023,8/28/2023,23-May,826.89,509.35
961,60,8350.48,7/23/2023,6/22/2023,23-Jan,327.52,733.99
962,61,42.88,10/31/2023,6/17/2023,23-Dec,972.85,807.72
963,62,3983.51,4/19/2023,9/9/2023,23-Feb,709.87,521.07
964,63,725.45,3/30/2023,,23-Oct,974.9,533.18
965,64,3165.63,11/15/2023,7/19/2023,23-Jul,759.28,810.57
966,65,130.41,8/11/2023,11/23/2023,23-Jan,774.17,911.5
967,66,7229.59,9/16/2023,7/9/2023,23-Jan,509.6,674.06
968,67,1063.95,1/1/2023,6/6/2023,23-Apr,773.18,719.35
969,68,930.6,11/5/2023,9/27/2023,23-Apr,187.09,582.68
970,69,4926.53,1/31/2023,12/13/2022,23-May,825.88,598.4
971,70,7114.27,2/16/2023,,23-Jul,925.1,177.4
972,71,3998.85,6/1/2023,7/31/2023,23-Jan,733.85,956.8
973,72,7317.61,5/20/2023,,23-Jan,727.55,770.36
974,73,2391.71,12/12/2023,12/29/2022,23-Apr,96.17,630.95
975,74,2881.61,12/6/2023,,23-Jun,548.76,125.27
976,75,3154.76,9/17/2023,12/27/2022,23-Sep,640.33,761.53
977,76,5272.03,5/29/2023,5/5/2023,23-Nov,744.65,814.75
978,77,1109.11,9/15/2023,9/3/2023,23-Sep,559.22,312.8
979,78,2914.96,6/6/2023,8/5/2023,23-Feb,173.71,797.41
980,79,1471.79,4/7/2023,9/2/2023,23-Oct,79.2,270.22
981,80,6316.32,1/21/2023,,23-Jul,584.88,53.49
982,81,5229.87,7/31/2023,7/10/2023,23-Jul,510.18,486.28
983,82,1044.53,1/28/2023,4/12/2023,23-Mar,565.27,811.42
984,83,9888.48,7/7/2023,2/6/2023,23-Oct,312.3,891.03
985,84,561.59,8/13/2023,10/6/2023,23-Oct,898.75,427.75
986,85,3961.14,4/18/2023,5/27/2023,23-Dec,340.67,856.99
987,86,7240.18,4/5/2023,6/22/2023,23-Nov,989.49,33.53
988,87,6080.81,6/16/2023,3/18/2023,23-Jun,141.69,887.49
989,88,9277.98,3/27/2023,7/13/2023,23-Oct,599.31,280.73
990,89,7593.8,10/25/2023,6/20/2023,23-Oct,184.99,454.3
991,90,4707.47,8/25/2023,8/17/2023,23-Oct,152.13,346.19
992,91,3111.99,10/26/2023,3/24/2023,23-Aug,531.27,788.39
993,92,9218.18,7/20/2023,9/25/2023,23-Feb,985.45,828.52
994,93,7282.93,5/4/2023,9/26/2023,23-May,135.2,373.16
995,94,3421.17,3/30/2023,10/29/2023,23-Nov,833.71,328.36
996,95,8454.77,1/24/2023,5/13/2023,23-Apr,87.04,296.66
997,96,2438.68,11/29/2023,10/19/2023,23-Nov,676.47,835.37
998,97,7515.29,3/9/2023,11/11/2023,23-Mar,743.7,822.64
999,98,4055,2/13/2023,4/25/2023,23-Dec,620.89,27.08
1000,99,1192.3,2/1/2023,,23-Dec,845.74,682.96
